<?xml version="1.0" encoding="UTF-8"?>
<map version="1.0" orientation="orthogonal" width="25" height="25" tilewidth="16" tileheight="16">
 <tileset firstgid="1" name="tilemap" tilewidth="16" tileheight="16">
  <image source="gfx/tilemap.png" width="160" height="160"/>
 </tileset>
 <tileset firstgid="101" name="objects" tilewidth="16" tileheight="16">
  <image source="gfx/objects.png" width="64" height="64"/>
 </tileset>
 <layer name="background" width="25" height="25" opacity="0.4">
  <data encoding="csv">
1,2,1,3,1,1,3,1,2,1,2,4,3,4,1,2,2,1,2,2,3,2,4,3,2,
2,4,2,3,3,3,4,3,2,2,4,4,3,2,2,3,1,4,2,2,3,4,4,2,1,
2,1,4,2,1,1,1,4,3,2,3,3,3,3,1,3,2,3,4,3,4,3,2,2,3,
2,2,1,4,2,1,1,2,1,4,1,1,4,4,2,4,2,1,2,2,3,3,1,4,1,
4,4,2,1,1,4,3,3,3,3,1,4,3,3,1,3,1,3,1,4,4,4,1,1,1,
3,1,3,4,1,1,3,3,3,3,2,4,4,4,4,1,2,1,1,3,3,3,2,2,3,
1,4,4,2,3,4,2,2,2,4,2,2,3,4,1,3,4,1,2,4,4,1,4,2,4,
4,2,1,1,3,3,2,2,1,2,3,2,1,4,4,3,1,3,2,1,3,3,1,4,4,
2,4,1,1,2,1,4,3,3,1,1,2,3,2,3,1,4,1,2,3,4,3,4,1,3,
4,3,3,3,4,1,2,2,1,2,2,3,4,1,3,4,4,1,4,2,1,4,3,1,3,
2,1,3,4,4,2,2,4,4,3,2,2,2,2,4,4,3,4,2,2,3,2,4,2,2,
4,1,4,3,1,2,1,2,3,2,4,4,4,2,2,2,2,4,1,4,1,1,3,1,3,
3,4,2,3,2,2,1,3,2,4,2,1,1,4,1,1,1,3,1,2,2,3,1,1,4,
4,1,4,2,3,1,3,3,4,4,1,4,4,3,3,3,2,3,4,2,1,1,4,1,4,
4,1,3,2,4,3,4,2,1,2,3,4,4,3,3,4,4,2,3,4,4,3,2,1,2,
3,3,1,4,2,3,2,3,4,1,1,3,3,2,2,4,1,2,1,1,1,3,3,2,3,
1,2,4,1,2,3,3,3,4,4,2,2,4,1,1,1,2,1,4,4,1,4,2,3,2,
2,4,4,2,2,2,4,3,4,1,4,4,4,4,4,1,4,3,3,2,1,2,1,4,3,
1,2,3,2,1,1,3,2,3,1,3,4,1,2,1,1,2,4,4,4,3,2,3,2,2,
4,2,2,1,4,3,3,4,2,1,3,2,3,4,3,4,3,2,3,3,2,1,3,1,2,
2,2,4,4,1,2,1,4,2,1,4,1,1,3,3,1,1,4,3,3,4,4,3,4,1,
2,3,4,2,3,3,2,2,3,1,3,1,4,4,2,1,3,4,1,1,2,2,3,2,4,
2,2,2,1,1,4,2,2,1,3,2,2,4,3,2,4,2,4,4,3,2,4,1,2,3,
2,1,1,1,2,4,4,1,1,4,3,4,1,3,2,4,2,3,4,2,3,3,1,4,3,
3,1,3,1,3,4,3,1,3,1,2,4,2,1,2,2,3,3,1,3,4,3,4,1,3
</data>
 </layer>
 <layer name="collision" width="25" height="25">
  <data encoding="csv">
12,13,13,43,44,0,0,0,0,0,0,0,12,13,13,13,14,0,0,0,0,0,0,0,0,
32,33,34,0,0,0,0,0,0,0,0,0,22,15,33,33,34,0,0,0,0,0,0,0,0,
0,0,0,0,0,0,0,0,0,0,0,0,22,24,0,0,0,0,0,0,0,0,0,0,0,
0,0,0,0,0,0,0,0,0,0,0,12,37,24,0,0,0,0,0,0,0,0,0,0,0,
0,0,0,0,0,0,0,0,0,0,0,32,33,34,0,0,0,0,0,0,0,0,12,13,14,
0,0,0,0,0,0,0,0,0,0,0,0,0,0,0,0,0,0,0,0,12,13,37,23,24,
0,0,0,0,0,0,0,0,0,0,0,0,0,0,0,0,0,0,0,12,37,15,33,33,34,
0,0,0,0,0,0,0,0,0,0,0,0,0,0,0,0,0,0,0,22,15,34,0,0,0,
12,13,13,13,13,13,14,0,0,0,0,12,13,13,14,0,0,0,0,22,24,0,0,0,0,
22,23,15,33,33,33,34,0,0,0,0,32,33,33,34,0,0,0,0,32,34,0,0,0,0,
22,23,24,0,0,0,0,0,0,0,0,0,0,0,0,0,0,0,0,0,0,0,0,0,0,
22,23,24,0,0,0,12,13,13,14,0,0,0,0,0,0,0,12,14,0,0,0,0,0,0,
22,23,24,0,0,0,22,23,23,24,0,0,0,0,0,0,0,22,24,0,0,0,12,13,14,
22,15,34,0,0,0,22,23,23,24,0,0,0,0,0,0,42,23,34,0,0,12,23,23,24,
22,24,0,0,0,12,37,23,23,24,0,0,0,21,0,0,0,41,0,0,0,32,33,23,24,
45,34,0,0,0,22,23,23,23,24,0,0,12,23,14,0,0,0,0,0,0,0,0,32,34,
41,0,0,0,0,22,23,23,23,24,0,0,32,23,34,0,0,0,0,0,0,0,0,0,0,
0,0,0,0,0,32,33,33,33,34,0,0,0,41,0,0,0,0,12,13,13,14,0,0,0,
0,0,0,0,0,0,0,0,0,0,0,0,0,0,0,0,0,0,32,33,33,34,0,0,0,
0,0,0,0,0,0,0,0,0,0,0,0,0,0,0,0,0,0,0,0,0,0,0,0,0,
0,12,14,0,0,0,12,14,0,0,12,13,13,13,13,14,0,0,12,13,13,14,0,0,0,
0,22,35,13,14,0,32,34,0,0,32,33,33,33,33,34,0,0,22,23,23,24,0,0,0,
0,22,23,23,24,0,0,0,0,0,0,0,0,0,0,0,0,12,23,23,23,24,0,0,0,
13,37,23,23,24,0,0,0,0,0,0,0,0,0,0,0,0,32,33,33,33,34,0,0,0,
33,33,33,33,34,0,0,0,0,0,0,0,0,0,0,0,0,0,0,0,0,0,0,0,0
</data>
 </layer>
 <objectgroup name="objects" width="25" height="25">
  <object type="spawnPoint" gid="102" x="144" y="96"/>
  <object type="enemy" gid="101" x="128" y="160"/>
  <object type="enemy" gid="101" x="0" y="64"/>
  <object type="enemy" gid="101" x="0" y="120"/>
  <object type="enemy" gid="101" x="112" y="16"/>
  <object type="enemy" gid="101" x="256" y="160"/>
  <object type="enemy" gid="101" x="288" y="16"/>
  <object type="enemy" gid="101" x="384" y="56"/>
  <object type="enemy" gid="101" x="144" y="16"/>
  <object type="enemy" gid="101" x="272" y="160"/>
  <object type="enemy" gid="101" x="144" y="160"/>
 </objectgroup>
 <layer name="foreground" width="25" height="25">
  <data encoding="csv">
0,0,0,0,0,0,0,0,0,0,0,0,0,0,0,0,0,0,0,0,0,0,0,0,0,
0,0,0,0,0,0,0,0,0,0,0,0,0,0,0,0,0,0,0,0,0,0,0,0,0,
0,0,0,0,0,0,0,0,0,0,0,0,0,0,0,0,0,0,0,0,0,0,0,0,0,
0,0,0,0,0,0,0,0,0,0,0,0,0,0,0,0,0,0,0,0,0,0,0,0,0,
0,0,0,0,0,0,0,0,0,0,0,0,0,0,0,0,0,0,0,0,0,0,0,0,0,
0,0,0,0,0,0,0,0,0,0,0,0,0,0,0,0,0,0,0,0,0,0,0,0,0,
0,0,0,0,0,0,0,0,0,0,0,0,0,0,0,0,0,0,0,0,0,0,0,0,0,
0,0,0,0,0,0,0,0,0,0,0,0,0,0,0,0,0,0,0,0,0,0,0,0,0,
0,0,0,0,0,0,0,0,0,0,0,0,0,0,0,0,0,0,0,0,0,0,0,0,0,
0,0,0,0,0,0,0,0,0,0,0,0,0,0,0,0,0,0,0,0,0,0,0,0,0,
0,0,0,0,0,0,0,0,0,0,0,0,0,0,0,0,0,0,0,0,0,0,0,0,0,
0,0,0,0,0,0,0,0,0,0,0,0,0,0,0,0,0,0,0,0,0,0,0,0,0,
0,0,0,0,0,0,0,0,0,0,0,0,0,0,0,0,0,0,0,0,0,0,0,0,0,
0,0,0,0,0,0,0,0,0,0,0,0,0,0,0,0,0,0,0,0,0,0,0,0,0,
0,0,0,0,0,0,0,0,0,0,0,0,0,0,0,0,0,0,0,0,0,0,0,0,0,
0,0,0,0,0,0,0,0,0,0,0,0,0,0,0,0,0,0,0,0,0,0,0,0,0,
0,0,0,0,0,0,0,0,0,0,0,0,0,0,0,0,0,0,0,0,0,0,0,0,0,
0,0,0,0,0,0,0,0,0,0,0,0,0,0,0,0,0,0,0,0,0,0,0,0,0,
0,0,0,0,0,0,0,0,0,0,0,0,0,0,0,0,0,0,0,0,0,0,0,0,0,
0,0,0,0,0,0,0,0,0,0,0,0,0,0,0,0,0,0,0,0,0,0,0,0,0,
0,0,0,0,0,0,0,0,0,0,0,0,0,0,0,0,0,0,0,0,0,0,0,0,0,
0,0,0,0,0,0,0,0,0,0,0,0,0,0,0,0,0,0,0,0,0,0,0,0,0,
0,0,0,0,0,0,0,0,0,0,0,0,0,0,0,0,0,0,0,0,0,0,0,0,0,
0,0,0,0,0,0,0,0,0,0,0,0,0,0,0,0,0,0,0,0,0,0,0,0,0,
0,0,0,0,0,0,0,0,0,0,0,0,0,0,0,0,0,0,0,0,0,0,0,0,0
</data>
 </layer>
</map>
