<?xml version="1.0" encoding="UTF-8"?>
<map version="1.0" orientation="orthogonal" width="18" height="18" tilewidth="16" tileheight="16">
 <tileset firstgid="1" name="tilemap" tilewidth="16" tileheight="16">
  <image source="gfx/tilemap.png" width="160" height="160"/>
 </tileset>
 <tileset firstgid="101" name="objects" tilewidth="16" tileheight="16">
  <image source="gfx/objects.png" width="64" height="64"/>
 </tileset>
 <layer name="background" width="18" height="18" opacity="0.4">
  <data encoding="csv">
2,3,2,1,2,1,3,3,2,1,1,3,4,3,2,4,3,3,
4,3,2,1,2,2,1,1,1,1,3,2,1,2,2,2,1,2,
4,3,1,1,2,3,1,4,1,3,1,1,3,1,3,3,1,3,
3,4,1,3,1,4,3,4,2,3,3,3,3,4,2,1,2,3,
2,4,2,2,1,3,4,3,3,3,2,1,4,4,3,1,4,2,
2,4,3,3,4,1,4,4,3,4,4,4,1,1,4,1,1,2,
1,4,1,3,3,2,2,1,4,4,4,1,4,1,3,4,2,3,
4,4,3,2,3,4,3,3,3,4,1,4,4,4,2,3,4,2,
1,1,2,2,1,1,4,4,3,4,4,3,4,2,1,2,2,4,
2,2,3,4,3,3,1,4,1,4,3,3,4,4,1,4,2,4,
2,4,1,2,2,2,1,1,4,2,4,4,1,3,4,3,1,1,
1,3,3,4,1,4,1,2,1,2,1,3,2,1,2,3,2,2,
4,3,2,2,3,2,3,2,3,1,3,3,1,4,3,4,2,2,
1,3,2,2,4,2,3,3,4,1,4,4,2,4,4,2,3,2,
1,3,3,1,2,2,1,2,2,4,3,1,3,2,3,3,2,4,
3,4,4,2,1,3,1,4,1,2,4,3,1,1,3,2,3,1,
1,3,4,1,2,1,3,2,3,4,2,2,2,3,2,1,3,2,
1,2,3,1,4,1,4,2,4,4,4,1,4,3,4,1,3,2
</data>
 </layer>
 <layer name="collision" width="18" height="18">
  <data encoding="csv">
0,0,0,12,13,14,0,0,0,0,0,0,12,13,14,0,0,0,
0,0,0,22,23,24,0,0,0,0,0,0,22,23,24,0,0,0,
0,0,0,22,23,24,0,0,0,0,0,0,22,23,24,0,0,0,
0,0,0,32,33,34,0,0,0,0,0,0,32,33,34,0,0,0,
0,0,0,0,0,0,0,0,0,0,0,0,0,0,0,0,0,0,
0,0,0,0,0,0,0,0,0,0,0,0,0,0,0,0,0,0,
0,0,0,0,0,0,0,42,43,43,44,0,0,0,0,0,0,0,
0,0,0,0,0,0,0,0,0,0,0,0,0,0,0,0,0,0,
0,0,0,0,21,0,0,0,12,14,0,0,0,21,0,0,0,0,
0,0,0,0,41,0,0,0,32,34,0,0,0,41,0,0,0,0,
0,0,0,0,0,0,0,0,0,0,0,0,0,0,0,0,0,0,
0,0,0,0,0,0,0,42,43,43,44,0,0,0,0,0,0,0,
0,0,0,0,0,0,0,0,0,0,0,0,0,0,0,0,0,0,
0,0,0,0,0,0,0,0,0,0,0,0,0,0,0,0,0,0,
0,0,0,12,13,14,0,0,0,0,0,0,12,13,14,0,0,0,
0,0,0,22,23,24,0,0,0,0,0,0,22,23,24,0,0,0,
0,0,0,22,23,24,0,0,0,0,0,0,22,23,24,0,0,0,
0,0,0,32,33,34,0,0,0,0,0,0,32,33,34,0,0,0
</data>
 </layer>
 <objectgroup name="objects" width="18" height="18">
  <object type="spawnPoint" gid="102" x="96" y="144"/>
  <object type="enemy" gid="101" x="0" y="80"/>
  <object type="enemy" gid="101" x="112" y="288"/>
  <object type="enemy" gid="101" x="0" y="32"/>
  <object type="enemy" gid="101" x="0" y="128"/>
  <object type="enemy" gid="101" x="160" y="288"/>
  <object type="enemy" gid="101" x="112" y="16"/>
  <object type="enemy" gid="101" x="0" y="272"/>
  <object type="enemy" gid="101" x="0" y="176"/>
  <object type="enemy" gid="101" x="0" y="224"/>
  <object type="enemy" gid="101" x="272" y="128"/>
  <object type="enemy" gid="101" x="272" y="176"/>
  <object type="enemy" gid="101" x="272" y="32"/>
  <object type="enemy" gid="101" x="272" y="80"/>
  <object type="enemy" gid="101" x="272" y="272"/>
  <object type="enemy" gid="101" x="272" y="224"/>
  <object type="enemy" gid="101" x="160" y="16"/>
 </objectgroup>
 <layer name="foreground" width="18" height="18">
  <data encoding="csv">
0,0,0,0,0,0,0,0,0,0,0,0,0,0,0,0,0,0,
0,0,0,0,0,0,0,0,0,0,0,0,0,0,0,0,0,0,
0,0,0,0,0,0,0,0,0,0,0,0,0,0,0,0,0,0,
0,0,0,0,0,0,0,0,0,0,0,0,0,0,0,0,0,0,
0,0,0,0,0,0,0,0,0,0,0,0,0,0,0,0,0,0,
0,0,0,0,0,0,0,0,0,0,0,0,0,0,0,0,0,0,
0,0,0,0,0,0,0,0,0,0,0,0,0,0,0,0,0,0,
0,0,0,0,0,0,0,0,0,0,0,0,0,0,0,0,0,0,
0,0,0,0,0,0,0,0,0,0,0,0,0,0,0,0,0,0,
0,0,0,0,0,0,0,0,0,0,0,0,0,0,0,0,0,0,
0,0,0,0,0,0,0,0,0,0,0,0,0,0,0,0,0,0,
0,0,0,0,0,0,0,0,0,0,0,0,0,0,0,0,0,0,
0,0,0,0,0,0,0,0,0,0,0,0,0,0,0,0,0,0,
0,0,0,0,0,0,0,0,0,0,0,0,0,0,0,0,0,0,
0,0,0,0,0,0,0,0,0,0,0,0,0,0,0,0,0,0,
0,0,0,0,0,0,0,0,0,0,0,0,0,0,0,0,0,0,
0,0,0,0,0,0,0,0,0,0,0,0,0,0,0,0,0,0,
0,0,0,0,0,0,0,0,0,0,0,0,0,0,0,0,0,0
</data>
 </layer>
</map>
